version https://git-lfs.github.com/spec/v1
oid sha256:09a563b021c0d2685e2437d1931a19c7e182c9b71a1dd09f1e27b19096fa61ab
size 86084
