version https://git-lfs.github.com/spec/v1
oid sha256:0b408dec218ec7b12a3368011c83aebc17370dbbd13f73a2a27c131bddf043b4
size 84624
