version https://git-lfs.github.com/spec/v1
oid sha256:970ffa814f225009e0cceb097e99f9d8071677d1e83a213a1711d552dc547d85
size 78933
