version https://git-lfs.github.com/spec/v1
oid sha256:f6ed7064702c616cfde4a6586ab4a5f7d13f7de6ae7f1037d8010bf7148b0824
size 82434
