version https://git-lfs.github.com/spec/v1
oid sha256:73dd0e34417282c84685a6851f50a940f29e9f28a91dbc06750c0d4550a0cb09
size 81117
