version https://git-lfs.github.com/spec/v1
oid sha256:4a52a3b996c33c641ae9958d5459f0d9914b85ebd4a8479a71c34a8cab8a7456
size 89369
