version https://git-lfs.github.com/spec/v1
oid sha256:82369a90f27f6e9d6bb3fe72ccb099d24fed2cbd806317c56a088decb062da11
size 90829
