version https://git-lfs.github.com/spec/v1
oid sha256:86a829a37f9c504bee9d5dfde0a1609406674f78523ac924443a11ef5b9089f2
size 61641
