version https://git-lfs.github.com/spec/v1
oid sha256:9f190ff8480dee7a987021486a5b7d91cbcbae7c115417f5547b22c34ff0b892
size 83164
