version https://git-lfs.github.com/spec/v1
oid sha256:5fad418198fd6d6623dae5c6a745e08c660a5638fb8060fc5298dcb00cab0212
size 78169
