version https://git-lfs.github.com/spec/v1
oid sha256:00f96779cc822a4dae6b4291f842b8e867406c696391f527de7ad8d932745588
size 84393
